time,x,y,z,phi,theta,psi,x_velocity,y_velocity,z_velocity,phi_velocity,theta_velocity,psi_velocity,rotor_speed1,rotor_speed2,rotor_speed3,rotor_speed4
0.06,-4.76589652944e-07,-8.27096790476e-08,10.0021727573,6.28292316217,0.000423796088728,0.0,-3.93923788294e-05,-1.37619998148e-05,0.0724227548035,-0.0149769424682,0.0183761968478,0.0,427.31386841288185,428.8771408788678,428.6626131542648,427.38831922351125
0.12000000000000001,-1.53649793902e-05,-9.07672314656e-06,10.0088611287,6.28239313676,0.00147404635305,0.0,-0.000563256319263,-0.000354418387002,0.150515115484,0.00125659975929,0.0157005791586,0.0,430.3094457883812,430.08286826304726,428.92261590837916,430.29890827376636
0.18,-8.18767120318e-05,-4.5316672963e-05,10.0196056881,6.28258705445,0.00305189674677,0.0,-0.00177974765789,-0.000840436410868,0.207627464118,0.00691600818922,0.0418087963746,0.0,421.2733958777858,423.5246896482509,423.5677979809663,424.0540819505238
0.23999999999999996,-0.00026360331178,-0.000106855709808,10.0355544001,6.28273025743,0.00602592114576,0.0,-0.00456745696012,-0.00117958108982,0.323968608287,-0.00870638285223,0.0617615105263,0.0,441.1183076916629,442.7641068218922,442.934104838786,441.6476510006268
0.3,-0.000665536104891,-0.000188154069922,10.0563954063,6.28182908761,0.0096352217667,0.0,-0.00917466287442,-0.00159299222097,0.370714638854,-0.0322730139962,0.0567327743803,0.0,420.15843069132677,419.7250849478733,420.661063817257,418.61571610096934
0.36000000000000004,-0.00148325425835,-0.000328417400096,10.0870218452,6.2795291392,0.0128948923122,0.0,-0.0185104090853,-0.0033492151923,0.650044526386,-0.0546027391218,0.0490248505696,0.0,490.46238579189554,489.89133011941175,492.0710759900965,490.4148689014268
0.4200000000000001,-0.00292098045271,-0.00063156869293,10.1326291059,6.27700896111,0.0164816129361,0.0,-0.0298098412314,-0.00709321830795,0.870048575873,-0.0244074396058,0.0754568539562,0.0,472.4167159597337,474.452287305989,473.28031131005,475.5972665101553
0.48000000000000015,-0.00505426756234,-0.00118547412168,10.1870762113,6.27515359989,0.0206914126972,0.0,-0.0417309306821,-0.0115280228894,0.944786679254,-0.048982797668,0.0566287452356,0.0,430.42521754544276,428.83289079891756,430.6785790195396,428.5947266831817
0.5400000000000001,-0.0080813852632,-0.00208749472875,10.2506476815,6.27233845306,0.0238769197239,0.0,-0.0595687928283,-0.0188856301967,1.1740428682,-0.0430830699821,0.0448681951791,0.0,477.9144141247387,477.01890789166066,476.5683435306037,477.01786016727584
0.6000000000000002,-0.0122719379893,-0.00350646777509,10.3286599213,6.26952754216,0.0273321548113,0.0,-0.0805018774073,-0.0287444103857,1.42607080193,-0.0557041072431,0.0752999663237,0.0,482.6741245779863,484.96690225517955,485.03017331732,484.0803291156967
0.6600000000000003,-0.0177325045135,-0.00555066705768,10.4189402497,6.26590907285,0.0315954024597,0.0,-0.101998211782,-0.0397744185837,1.58304819456,-0.0716219648797,0.0608204781909,0.0,456.58918571899756,455.43633302910746,458.0866998345002,456.8167246897714
0.7200000000000003,-0.0245314260539,-0.00831725636894,10.5172926678,6.26131250039,0.0352247615716,0.0,-0.125005373226,-0.0529009759435,1.69518314259,-0.0891330182156,0.0598189391248,0.0,442.27973160129045,442.1998597916363,445.19637541194237,443.7565945448664
0.7800000000000004,-0.0329641029341,-0.0120850012221,10.6273037952,6.25571693352,0.0387055860264,0.0,-0.156521696634,-0.0733787236179,1.97138400434,-0.10314051033,0.0541357708498,0.0,492.4427484371055,492.02418088196146,493.4069364496752,492.3652775218256
0.8400000000000004,-0.0431076287707,-0.0170342419063,10.7470430411,6.25003922236,0.0416681448297,0.0,-0.181888260442,-0.0921493118819,2.01980814493,-0.0815133628776,0.0375745886363,0.0,425.26654958911575,423.8472802445909,423.2355121894416,425.0843856004671
0.9000000000000005,-0.0551022547331,-0.0234364494527,10.8762299293,6.2456369851,0.0437649498823,0.0,-0.218188680413,-0.121823772082,2.28589091248,-0.0607021898202,0.0290927519408,0.0,490.7025048578269,490.07289267547776,490.6415696796289,492.1803386767633
0.9600000000000005,-0.0693866289356,-0.0317787494716,11.0227327685,6.24195334949,0.0456076396279,0.0,-0.258168389963,-0.156715179314,2.59684721609,-0.0628139364501,0.0337664224318,0.0,503.7076424459539,504.0456932027995,505.2642823546593,505.1098198986967
1.0200000000000005,-0.0858750235853,-0.0420897653057,11.1825430456,6.23867063133,0.0476517309601,0.0,-0.291649125816,-0.187344919648,2.72982001219,-0.0420919582651,0.0346648697402,0.0,454.44555148342334,454.51800852920303,452.9121998911071,454.57366154687924
1.0800000000000005,-0.104214563957,-0.0541156705049,11.3461127895,6.23583886484,0.0500528658462,0.0,-0.319865476831,-0.213747505783,2.72249489474,-0.0601038935152,0.0490096958875,0.0,408.72755140584496,410.0049587809863,410.39462557957074,408.7910832517324
1.1400000000000006,-0.124571756189,-0.0680428925008,11.5147514967,6.23265978294,0.0533651009015,0.0,-0.359043588473,-0.250852591545,2.89831727193,-0.0416033123463,0.0653602708328,0.0,466.22381795567946,467.5013909071452,468.1225636010966,469.55816676052945
1.2000000000000006,-0.147341241999,-0.0842478086919,11.693592272,6.23018038763,0.0570141221051,0.0,-0.400341908117,-0.289565928324,3.06256408657,-0.0407690921128,0.0496883826674,0.0,466.6232763043567,465.4006469186828,464.70268614959144,464.76724970295527
1.2600000000000007,-0.172472331371,-0.102650139984,11.878892839,6.22763988965,0.0601105565461,0.0,-0.437643222039,-0.324073450528,3.11393894772,-0.0456873498823,0.05519125853,0.0,431.49317631740973,431.95928321198636,430.80448746144936,430.38736719242587
1.3200000000000007,-0.199978975566,-0.123243218388,12.0685252105,6.22491435251,0.0631718008033,0.0,-0.479554657363,-0.362623404487,3.20683074275,-0.0449073894021,0.0410062927198,0.0,446.15408223889636,444.99602627262095,444.0524921393642,444.1152695194215
1.3800000000000008,-0.229950755819,-0.146103887173,12.2620056239,6.22221169075,0.0652730247579,0.0,-0.519715540593,-0.399642518153,3.24236996363,-0.0453196399409,0.0190253288275,0.0,428.61040259506564,426.73867613377683,426.49111398293167,426.45463644124584
1.4400000000000008,-0.262761252484,-0.1716043945,12.4636019471,6.2200804275,0.0663677237049,0.0,-0.574062068285,-0.450622008844,3.47677167854,-0.0208978567252,0.0166368493931,0.0,489.22433715556446,489.04636575594725,486.4538855277266,488.2786884425215
1.5000000000000009,-0.298335123976,-0.199712517383,12.6713997572,6.2183723615,0.0672373220008,0.0,-0.611821283106,-0.486439180521,3.44987424181,-0.0513125205152,0.00981904450353,0.0,408.73444173155127,408.12625627118695,409.0972504517671,406.3793669348063
1.560000000000001,-0.33664214082,-0.230443321996,12.8842842922,6.21561445146,0.0677150236819,0.0,-0.665104798262,-0.538219165497,3.64561728735,-0.0369843010683,0.003960904041,0.0,478.09982985210644,477.6531535915079,478.41695382528945,479.5055701427083
1.620000000000001,-0.378009248662,-0.264194687087,13.1067267819,6.21326116038,0.0683105163729,0.0,-0.713822582633,-0.587041362536,3.76868658069,-0.0441189264816,0.0197701855444,0.0,457.5996512367314,458.85636596167956,458.03134531011216,457.46282213672197
1.680000000000001,-0.422127845413,-0.300732810629,13.3338027726,6.21170282659,0.0691861062942,0.0,-0.756892644859,-0.631071479012,3.8003627632,-0.00345999272104,0.00143932984061,0.0,430.866333033129,429.31359473615385,428.3033218431102,431.7472467759954
1.740000000000001,-0.469072260633,-0.340170480356,13.5660508147,6.21134720291,0.0693017135562,0.0,-0.8079052914,-0.683517267425,3.94073113905,-0.0113847708608,0.00288437839221,0.0,464.56182120645246,464.67508084897287,464.6366526348736,464.0150091909833
1.8000000000000012,-0.519196877317,-0.382884485935,13.8083667692,6.21028164114,0.069672204372,0.0,-0.862906039516,-0.740332959889,4.13573477159,-0.035256011869,0.012055199671,0.0,481.689445862603,482.3824160358557,482.3127493496498,480.506409597287
1.8600000000000012,-0.57259805349,-0.429001480661,14.0618551937,6.20810479948,0.070849082644,0.0,-0.9172046135,-0.797097850914,4.31315686685,-0.0384126207342,0.031561760214,0.0,476.7700468390769,478.2581446977091,478.7258021368595,478.48504113003685
1.9200000000000013,-0.629052168533,-0.47832345757,14.3226458858,6.20618165835,0.0731443653072,0.0,-0.964792613188,-0.847154398062,4.37954262069,-0.0216699974952,0.0490803151216,0.0,444.9690692016724,446.4017215398178,445.16362520658004,446.53124422466715
1.9800000000000013,-0.688198619805,-0.530460555523,14.5845270028,6.20550996637,0.0766026975706,0.0,-1.00703844589,-0.890839126008,4.34988012692,0.0041844810344,0.0708137977829,0.0,414.12050901212973,416.0305146618416,413.96316871377246,416.23235557417104
2.0400000000000014,-0.750356572669,-0.585639886238,14.8499415487,6.20657447232,0.0807284012966,0.0,-1.06530996964,-0.948351188669,4.49662104339,0.0362742893386,0.0643070039134,0.0,470.7003837272485,470.1997953211113,470.32267553055175,472.80170373080176
2.1000000000000014,-0.816135859731,-0.644273163047,15.1245663492,6.20863930014,0.0842022531354,0.0,-1.12769779893,-1.00581409125,4.65682800465,0.0304067216163,0.0402703913904,0.0,477.7003556444992,475.8657146008713,476.0402185563128,475.59137924547326
2.1600000000000015,-0.885510322445,-0.706115797518,15.4061780637,6.21106598542,0.0872261270043,0.0,-1.18503841227,-1.05538115661,4.72987662244,0.0553372369565,0.0653892581427,0.0,450.6490816880672,452.676641477443,449.88531279673316,451.9004141770945
2.2200000000000015,-0.958584299747,-0.771036617993,15.6943409201,6.21515104236,0.0912298356544,0.0,-1.25114420627,-1.10820353257,4.8748799037,0.0858234329117,0.0692795116547,0.0,473.2433962486495,473.5457951586024,473.26732239876634,475.611221664665
2.2800000000000016,-1.03526977594,-0.838709391328,15.9863755224,6.21985604537,0.0954323284858,0.0,-1.30540851207,-1.14715165786,4.85963540753,0.0564005991225,0.0715228816763,0.0,425.5179246980792,425.7139301681757,425.8065549397189,423.2865560781885
2.3400000000000016,-1.11498324863,-0.908450372282,16.2743542638,6.22307000009,0.100343322385,0.0,-1.35209005065,-1.1773643888,4.74011880621,0.0471923261693,0.0970590949646,0.0,388.2773041933911,390.67229591955055,388.8204963247975,387.95902526909583
2.4000000000000017,-1.19853073221,-0.980524462379,16.564557199,6.22586465735,0.105844747397,0.0,-1.43340599,-1.22474130372,4.93237522894,0.0453193712166,0.0779046719341,0.0,488.57861952709584,487.1544042208365,488.60239602822077,488.4637994970253
2.4600000000000017,-1.28725443659,-1.05546940307,16.8678736308,6.22848839784,0.110617152192,0.0,-1.52452356708,-1.27304245043,5.17696181993,0.0403428500815,0.0826234347772,0.0,504.084070281286,504.4292298559536,505.6581692004608,505.30031890859294
2.520000000000002,-1.38068491786,-1.13282301736,17.1779734657,6.23052347955,0.115326139831,0.0,-1.5902553678,-1.30523561026,5.15968701994,0.0162238024804,0.0685599977036,0.0,428.8766807458757,427.6854256279624,428.93407078916294,426.88098727731546
2.580000000000002,-1.47850062143,-1.21224256989,17.4901099474,6.23101583566,0.119087871676,0.0,-1.67063001967,-1.34198899702,5.24435489586,-0.0170653291702,0.0471548724149,0.0,461.57098158045085,459.8809367512192,461.6738246705238,459.03930909158055
2.640000000000002,-1.58155734291,-1.2940167259,17.8101675898,6.22998930319,0.121932299259,0.0,-1.76482705912,-1.383892832,5.4232469441,-0.0171961029908,0.0479067621278,0.0,488.84910379137835,488.90626553070194,490.32371064129217,490.3141035728219
2.700000000000002,-1.68978696415,-1.3780925199,18.1364901702,6.22887184106,0.124685226419,0.0,-1.84308280169,-1.41872992345,5.45390318661,-0.0216456776915,0.0414911767229,0.0,446.57898110267905,446.0564873739959,447.50432882853664,447.1419774944035
2.760000000000002,-1.80280725006,-1.46429849167,18.4649622754,6.22844024222,0.127039169046,0.0,-1.92447948439,-1.45487049651,5.49484900389,0.0121778675808,0.0342830141045,0.0,451.34148761232854,450.7599906517407,448.83716410540706,451.5744099758917
2.820000000000002,-1.92071588394,-1.55265889496,18.7955380118,6.2287934346,0.128791594257,0.0,-2.00598959909,-1.49042654056,5.52410151675,-0.0112840786963,0.0163887344256,0.0,448.18556188950413,446.7287781214271,448.66922499604976,446.75991827762357
2.880000000000002,-2.04349883889,-1.64313183714,19.1274621053,6.22832754179,0.129974441577,0.0,-2.08689031771,-1.52539417326,5.53986196989,-0.00152069741825,0.0256496961447,0.0,443.10138921927324,443.8621828356953,443.73216414911343,444.53319986474787
2.940000000000002,-2.17143909188,-1.73582549009,19.4624039769,6.22900026761,0.131654919851,0.0,-2.17791698211,-1.56434627866,5.6243355249,0.0289439580957,0.03234975747,0.0,465.5927457219379,466.1169037918509,464.1102115632961,466.49554745916777
3.000000000000002,-2.30451355883,-1.83069031019,19.7996221255,6.23068801116,0.133785472195,0.0,-2.25810982282,-1.59768630187,5.61622109681,0.0264475901067,0.0411774065681,0.0,437.04927814408074,437.7851376285344,437.9459801981908,437.7384702419016
3.0600000000000023,-2.44251912765,-1.92755899928,20.1368879475,6.23199079328,0.136053318831,0.0,-2.34231044552,-1.63115339181,5.62581923455,0.00998701932792,0.0299977667822,0.0,443.8826399756378,442.9647319170355,444.1459326778404,442.79359409103523
3.1200000000000023,-2.58504347587,-2.02620344748,20.4705005945,6.23265304153,0.137683537306,0.0,-2.40874654048,-1.6570010495,5.49518184265,0.0130596756397,0.0208133808012,0.0,397.0979967107089,396.2546534491051,396.07105483363216,396.3535091816264
3.1800000000000024,-2.73229900622,-2.12665224653,20.8014108649,6.23342825596,0.138497936861,0.0,-2.49988624624,-1.69122505463,5.53486564904,0.0126399077607,-0.00766532184425,0.0,453.0455640381293,450.7494392359337,452.2790408763098,452.2451020258757
3.2400000000000024,-2.88457737271,-2.22897800342,21.1313580107,6.23381636769,0.137537782313,0.0,-2.5761167415,-1.71962157915,5.46368063278,-0.0102356167297,-0.0431944198967,0.0,418.1766330207242,415.0694104405488,417.3430152198247,415.34108388094313
3.3000000000000025,-3.04151315159,-2.33304226793,21.4576994238,6.23289590356,0.134737417281,0.0,-2.65496152677,-1.74927379074,5.41458696506,-0.0282580745413,-0.0547371853526,0.0,424.23989617298304,423.24596500832826,423.48139364661796,421.9280163451426
3.3600000000000025,-3.20355392236,-2.43905925718,21.7841062477,6.23134868169,0.131690264449,0.0,-2.74613469132,-1.78477923088,5.46535793945,-0.0212543431944,-0.0438700060249,0.0,454.52447958287854,455.39312319427836,454.71147830321854,455.27218651803565
3.4200000000000026,-3.37097840595,-2.54721967806,22.1132118499,6.23030511863,0.129528509373,0.0,-2.83450544852,-1.82067951124,5.50459175804,-0.0106134727971,-0.0237308024699,0.0,450.2058365955399,451.8320484934121,452.48957527266174,453.3456193404058
3.4800000000000026,-3.54382720976,-2.65761305879,22.4457777911,6.23043160629,0.128015658858,0.0,-2.92699501783,-1.85911483709,5.58050298125,0.0198293443895,-0.0283590312303,0.0,464.45397268626954,464.09069503763584,462.16485772788775,464.5585419655264
3.5400000000000027,-3.72155582573,-2.77004157373,22.7778142822,6.23161635993,0.126098970381,0.0,-2.99729883341,-1.88846497401,5.48784362549,0.0195784831475,-0.040303752125,0.0,411.03569473557934,409.975016915427,409.68311798130253,409.66080780462914
3.6000000000000028,-3.90401377927,-2.88443183213,23.108441972,6.23304659839,0.123269424714,0.0,-3.08444783267,-1.92443501813,5.53285337636,0.031223941131,-0.0666467147006,0.0,455.33805331496734,453.2238321349996,453.58735044851875,454.5218452260181
3.660000000000003,-4.09151709959,-3.00089910845,23.4406197402,6.23479411836,0.118902010696,0.0,-3.1653936277,-1.95767661046,5.53975595725,0.0245586232432,-0.08937253559,0.0,443.0516207188033,441.17442581623607,443.28688922874176,442.73897016309104
3.720000000000003,-4.28350607327,-3.11921146427,23.7706130734,6.23595125961,0.113216306526,0.0,-3.23398581735,-1.98601730045,5.46050911723,0.00581213320372,-0.108616396776,0.0,415.87130644068816,414.17331330692133,413.89509353631627,412.24153396986355
3.780000000000003,-4.48007503325,-3.23943801589,24.1005784528,6.23630416745,0.107131099938,0.0,-3.31776946483,-2.02150915914,5.53803857838,0.0060207691642,-0.0899433707213,0.0,462.5883841484721,464.04810088218096,463.63672175570775,463.65301504235623
3.840000000000003,-4.68153375957,-3.36177351362,24.43480978,6.23618825473,0.101748112987,0.0,-3.3970802465,-2.05633152035,5.60274964062,-0.0268324954571,-0.089266738518,0.0,460.33904566518,460.38617754462007,461.3220144297834,458.72006383697146
3.900000000000003,-4.88707836843,-3.48593655506,24.7671016572,6.23470172645,0.0963656613377,0.0,-3.45422417812,-2.08259324239,5.4743646186,-0.0209502829734,-0.0906033589861,0.0,397.44322857964255,397.31290657014097,396.75108212494285,397.29073229351604
3.960000000000003,-5.09611809248,-3.61175843547,25.0929251262,6.23389954998,0.0905868177797,0.0,-3.51351474371,-2.11158899159,5.3869312178,-0.00139537900023,-0.111291302744,0.0,410.9626395748457,409.11530935927595,408.79060337948704,410.52986828536643
4.020000000000002,-5.30887622655,-3.73945888742,25.4160390103,6.23379388353,0.0841384299613,0.0,-3.57798521026,-2.14513192732,5.38366023164,-0.00250284286396,-0.100766046381,0.0,436.9024275981281,437.76884825451043,436.11091141774034,436.01841858111067
4.080000000000001,-5.52522144749,-3.86906396252,25.7366328569,6.23378604915,0.0778768433241,0.0,-3.63321879065,-2.17509316769,5.30330545651,0.0042359047738,-0.11273412897,0.0,410.82104849616354,409.74764752973743,411.0188049736392,411.61573232083276
4.14,-5.74516254397,-4.00069875216,26.0570226107,6.23439812869,0.0712283107492,0.0,-3.69759751508,-2.21270552123,5.37612713926,0.0200486178151,-0.107215451409,0.0,458.34145276379854,458.76945039800694,459.3478876259797,460.6002542012983
4.199999999999998,-5.96861066401,-4.13440801039,26.3782336505,6.23615599651,0.0649657762999,0.0,-3.7503062451,-2.24419716661,5.33127106612,0.0432917237537,-0.0992314907588,0.0,421.7335168407247,422.41253476047075,421.24616604659144,423.25201213313204
4.259999999999997,-6.19524596569,-4.27005521325,26.6983418834,6.23904453535,0.0588276482229,0.0,-3.80379362276,-2.27717590189,5.33912190388,0.0564071484589,-0.109279236337,0.0,439.59808396790993,438.75525385056557,437.44398586001427,438.5364003619948
4.319999999999996,-6.4252976209,-4.4078560307,27.0239994514,6.24255166253,0.0534121125654,0.0,-3.86400710856,-2.31580436479,5.51542938848,0.0622554124187,-0.0670794940519,0.0,487.69971792588245,490.8351067967181,489.2337736302279,489.6711139831946
4.379999999999995,-6.65858326834,-4.5476850277,27.3548314237,6.24597020392,0.0495433136332,0.0,-3.91194668411,-2.34489630044,5.51244628181,0.0434853586798,-0.0597330703198,0.0,436.1002735367246,436.710448012313,437.18755588314514,435.62272404782
4.439999999999993,-6.89465464046,-4.68917802116,27.6845848251,6.24855581232,0.0455597267297,0.0,-3.95690350274,-2.37136910497,5.47960905394,0.0422981882654,-0.0850426196434,0.0,427.54693486060467,425.3808857365898,426.38069300200436,426.28034970795187
4.499999999999992,-7.13342143666,-4.83226079938,28.0134494041,6.250873875,0.0405310269064,0.0,-4.00165984463,-2.39788223966,5.4826724247,0.0300608272533,-0.0814583707818,0.0,437.0879673874621,437.38076405434265,438.1503493906722,437.1323272419407
4.559999999999991,-7.37479791801,-4.97689474192,28.3422732093,6.25313961586,0.0352211848492,0.0,-4.04390039898,-2.42310820627,5.47828334769,0.0498867490732,-0.108785410927,0.0,434.903173096179,432.6006259496949,434.9620530465999,436.62025394851423
4.6199999999999894,-7.61862955789,-5.12300227769,28.6707332698,6.25695040239,0.0286436926445,0.0,-4.08338328574,-2.44688899097,5.47062438746,0.0821057160262,-0.111357397906,0.0,432.66581124242157,432.43819890774444,432.694579262664,435.40181718716264
4.679999999999988,-7.86486672787,-5.27059000177,29.0033748082,6.26127982479,0.0214320084364,0.0,-4.12388609858,-2.4722034339,5.61693600094,0.0266385920011,-0.150820949569,0.0,481.7435597020317,478.73680111306084,482.0198287677046,477.81192791692143
4.739999999999987,-8.1133218498,-5.41954793695,29.3413263605,6.26357325881,0.0124701151912,0.0,-4.15726268642,-2.49290801632,5.64820736323,0.0547873527755,-0.146604402026,0.0,445.0011280079245,445.32528766602036,446.12799249724515,448.4215351066324
4.799999999999986,-8.36361268518,-5.56965747834,29.6785579214,6.2672005353,0.00340479640258,0.0,-4.18519677101,-2.51051529702,5.59338525939,0.0698851458988,-0.162026061502,0.0,419.09229848139944,417.7261218427091,417.05225823010966,418.3719381080229
4.859999999999984,-8.61546023263,-5.7207861373,30.0135331792,6.27175338973,6.2767338408,0.0,-4.20903146752,-2.52678311067,5.57285606223,0.0857649247595,-0.169181085165,0.0,428.66474334256566,428.02925728227797,427.3828226243561,428.73910381175875
4.919999999999983,-8.86856273618,-5.87286212205,30.3513796948,6.27688997584,6.26752121266,0.0,-4.22684809246,-2.54192053321,5.68842871268,0.0852978453151,-0.133130767601,0.0,468.50086356869065,471.27398411858485,469.84268979944676,469.81206595696983
4.979999999999982,-9.12262289312,-6.02572969106,30.6930861995,6.28238447398,6.25942300763,0.0,-4.24120794451,-2.55323308093,5.70198826258,0.101840760786,-0.138924120981,0.0,439.6590352586843,439.1616146764177,437.8480132414401,439.2294477988632
5.0399999999999805,-9.37733435598,-6.17918167979,31.0389350856,0.00499734042602,6.2512867646,0.0,-4.24841557801,-2.56124633275,5.82597073528,0.0834037168695,-0.129682493122,0.0,471.7366776268152,472.43401784515004,473.67775225149245,472.26478130906474
